2015-05-04 16:51:49.813813(174, 161, 96)1430751109.9
(175, 163, 95)1430751110.02
(173, 160, 95)1430751110.11
(174, 161, 96)1430751110.19
(175, 163, 96)1430751110.26
(175, 160, 96)1430751110.34
(173, 161, 96)1430751110.4
(175, 159, 96)1430751110.47
(174, 160, 95)1430751110.54
(174, 158, 95)1430751110.61
(174, 160, 97)1430751110.68
(174, 158, 95)1430751110.76
(163, 144, 88)1430751110.85
(129, 129, 85)1430751110.94     -
(164, 158, 94)1430751111.03
(172, 161, 95)1430751111.09
(169, 159, 96)1430751111.14
(172, 161, 96)1430751111.2
(173, 160, 94)1430751111.25
(172, 161, 96)1430751111.29
(173, 161, 96)1430751111.33
(173, 161, 96)1430751111.37
(172, 157, 98)1430751111.41
(173, 160, 96)1430751111.45
(171, 161, 95)1430751111.49
(173, 158, 96)1430751111.53
(173, 159, 95)1430751111.58
(172, 159, 95)1430751111.61
(173, 159, 95)1430751111.65
(175, 160, 97)1430751111.69
(172, 159, 95)1430751111.73
(173, 163, 97)1430751111.78
(170, 159, 95)1430751111.81
(173, 163, 96)1430751111.85
(172, 163, 97)1430751111.89
(172, 162, 98)1430751111.93
(173, 163, 96)1430751111.98
(171, 159, 96)1430751112.01
(174, 161, 96)1430751112.05
(172, 162, 95)1430751112.09
(172, 159, 96)1430751112.13
(174, 162, 95)1430751112.18
(173, 163, 96)1430751112.21
(172, 159, 96)1430751112.25
(175, 161, 96)1430751112.29
(173, 161, 95)1430751112.33
(172, 164, 94)1430751112.38
(172, 162, 95)1430751112.41
(174, 162, 94)1430751112.45
(173, 162, 95)1430751112.49
(174, 161, 97)1430751112.53
(173, 162, 95)1430751112.58
(173, 160, 97)1430751112.62
(173, 162, 98)1430751112.66
(173, 160, 97)1430751112.7
(173, 159, 96)1430751112.74
(171, 160, 96)1430751112.78
(174, 163, 97)1430751112.82
(173, 163, 96)1430751112.86 
(174, 160, 96)1430751112.9
(172, 160, 97)1430751112.94
(174, 162, 95)1430751112.98
(174, 159, 96)1430751113.02
(174, 159, 96)1430751113.06
(173, 159, 95)1430751113.1
(171, 157, 93)1430751113.14
(174, 163, 95)1430751113.18
(173, 156, 95)1430751113.22
(173, 159, 97)1430751113.26
(174, 162, 96)1430751113.3
(173, 159, 97)1430751113.34
(173, 162, 95)1430751113.38
(164, 152, 92)1430751113.42
(162, 151, 92)1430751113.46
(153, 139, 87)1430751113.51 
(129, 109, 73)1430751113.57     -
(142, 137, 83)1430751113.62
(160, 153, 92)1430751113.66
(169, 157, 94)1430751113.7
(171, 159, 95)1430751113.74
(171, 157, 95)1430751113.78
(170, 157, 95)1430751113.82
(171, 159, 95)1430751113.86
(172, 158, 95)1430751113.9
(172, 159, 94)1430751113.94
(172, 160, 96)1430751113.98
(173, 161, 94)1430751114.02
(172, 159, 96)1430751114.06
(172, 160, 95)1430751114.1
(173, 163, 95)1430751114.14
(173, 160, 96)1430751114.18
(171, 160, 95)1430751114.25
(173, 161, 94)1430751114.33
(172, 159, 97)1430751114.37
(172, 158, 95)1430751114.41
(172, 159, 94)1430751114.45
(172, 158, 94)1430751114.49
(172, 160, 96)1430751114.53
(172, 160, 95)1430751114.58
(173, 159, 95)1430751114.63
(172, 159, 95)1430751114.7
(172, 158, 96)1430751114.75
(173, 158, 95)1430751114.79
(173, 158, 94)1430751114.85
(174, 159, 96)1430751114.92
(173, 159, 95)1430751114.97
(173, 161, 95)1430751115.03
(173, 160, 95)1430751115.09
(173, 158, 96)1430751115.13
(173, 160, 96)1430751115.18
(173, 160, 95)1430751115.21
(172, 158, 95)1430751115.25
(173, 161, 96)1430751115.29
(173, 161, 96)1430751115.33
(174, 162, 96)1430751115.38
(173, 160, 95)1430751115.41
(173, 161, 96)1430751115.45
(173, 160, 96)1430751115.49
(174, 162, 96)1430751115.53
(171, 160, 95)1430751115.58
(174, 159, 95)1430751115.61
(172, 160, 96)1430751115.65
(174, 158, 95)1430751115.69
(173, 159, 95)1430751115.73
(174, 161, 95)1430751115.78
(173, 160, 96)1430751115.81
(174, 161, 94)1430751115.85
(173, 160, 96)1430751115.89
(172, 158, 96)1430751115.93
(173, 159, 96)1430751115.98
(172, 159, 96)1430751116.01
(173, 160, 96)1430751116.05
(174, 163, 97)1430751116.09
(173, 162, 97)1430751116.13
(173, 158, 96)1430751116.17
(171, 159, 94)1430751116.21
(172, 157, 95)1430751116.25
(172, 157, 95)1430751116.29
(172, 158, 94)1430751116.33
(171, 159, 96)1430751116.37
(173, 158, 95)1430751116.41
(171, 158, 96)1430751116.45
(170, 158, 94)1430751116.49
(172, 158, 95)1430751116.53
(171, 158, 95)1430751116.57
(171, 159, 95)1430751116.61
(168, 155, 95)1430751116.65
(163, 152, 92)1430751116.69
(155, 143, 88)1430751116.74
(131, 109, 75)1430751116.79     -
(126, 120, 83)1430751116.87
(160, 153, 93)1430751116.93
(169, 156, 94)1430751116.98
(170, 158, 95)1430751117.04
(172, 158, 95)1430751117.09
(172, 159, 95)1430751117.13
(172, 159, 94)1430751117.19
(172, 160, 95)1430751117.25
(171, 158, 95)1430751117.29
(172, 157, 94)1430751117.33
(171, 158, 95)1430751117.38
(171, 159, 95)1430751117.41
(170, 156, 96)1430751117.45
(171, 160, 95)1430751117.49
(171, 158, 95)1430751117.53
(173, 159, 95)1430751117.58
(172, 159, 94)1430751117.61
(171, 160, 95)1430751117.65
(171, 155, 95)1430751117.69
(173, 159, 96)1430751117.73
(172, 162, 95)1430751117.77
(172, 158, 95)1430751117.81
(171, 158, 96)1430751117.85
(173, 159, 95)1430751117.89
(172, 160, 96)1430751117.93
(173, 158, 94)1430751117.98
(172, 159, 95)1430751118.01
(173, 162, 96)1430751118.05
(173, 161, 96)1430751118.09
(171, 157, 96)1430751118.13
(173, 160, 96)1430751118.18
(173, 158, 96)1430751118.21
(171, 158, 96)1430751118.25
(173, 160, 96)1430751118.29
(173, 161, 95)1430751118.33
(172, 159, 95)1430751118.38
(171, 159, 95)1430751118.41
(173, 160, 96)1430751118.45
(172, 157, 95)1430751118.49
(171, 160, 94)1430751118.53
(172, 161, 94)1430751118.58
(170, 158, 95)1430751118.61
(173, 161, 95)1430751118.65
(173, 160, 96)1430751118.69
(173, 161, 95)1430751118.73
(172, 159, 93)1430751118.78
(172, 158, 95)1430751118.81
(173, 161, 94)1430751118.85
(172, 160, 94)1430751118.89
(173, 160, 95)1430751118.93
(171, 159, 95)1430751118.98
(172, 159, 94)1430751119.01
(172, 159, 95)1430751119.05
(172, 159, 95)1430751119.09
(173, 159, 94)1430751119.13
(171, 158, 95)1430751119.18
(173, 158, 95)1430751119.21
(172, 158, 95)1430751119.25
(171, 158, 94)1430751119.29
(172, 159, 94)1430751119.33
(172, 160, 95)1430751119.38
(172, 159, 95)1430751119.41
(173, 158, 96)1430751119.45
(171, 157, 95)1430751119.49
(171, 161, 96)1430751119.53
(172, 158, 96)1430751119.59
(170, 158, 93)1430751119.65
(162, 148, 87)1430751119.7
(138, 109, 74)1430751119.78     -
(127, 126, 84)1430751119.84
(155, 152, 93)1430751119.89
(168, 155, 93)1430751119.95
(171, 159, 95)1430751120.01
(171, 156, 95)1430751120.06
(171, 157, 95)1430751120.11
(171, 156, 94)1430751120.17
(172, 158, 96)1430751120.21
(172, 158, 95)1430751120.25
(173, 158, 95)1430751120.29
(173, 158, 96)1430751120.34
(172, 157, 94)1430751120.37
(173, 160, 96)1430751120.41
(172, 160, 93)1430751120.45
(171, 157, 95)1430751120.49
(172, 158, 95)1430751120.53
(172, 151, 91)1430751120.57
(172, 155, 94)1430751120.61
(172, 157, 95)1430751120.65
(172, 160, 95)1430751120.69
(173, 158, 95)1430751120.74
(174, 159, 94)1430751120.77
(174, 160, 96)1430751120.81
(173, 160, 96)1430751120.85
(175, 161, 97)1430751120.89
(174, 161, 94)1430751120.93
(173, 157, 95)1430751120.98
(174, 160, 97)1430751121.01
(172, 161, 96)1430751121.05
(174, 161, 97)1430751121.09
(172, 158, 95)1430751121.13
(174, 160, 94)1430751121.18
(174, 159, 95)1430751121.21
(173, 160, 95)1430751121.25
(174, 159, 96)1430751121.29
(175, 160, 96)1430751121.33
(174, 161, 96)1430751121.38
(174, 160, 96)1430751121.41
(173, 158, 94)1430751121.45
(174, 160, 94)1430751121.49
(175, 160, 94)1430751121.53
(174, 159, 93)1430751121.58
(174, 160, 95)1430751121.61
(174, 160, 95)1430751121.65
(174, 159, 96)1430751121.69
(173, 157, 95)1430751121.73
(174, 159, 95)1430751121.77
(174, 158, 97)1430751121.81
(173, 159, 96)1430751121.85
(172, 158, 94)1430751121.9
(163, 147, 91)1430751121.96
(137, 112, 74)1430751122.02     -
(131, 121, 79)1430751122.07
(152, 147, 88)1430751122.11
(162, 156, 92)1430751122.16
(168, 158, 94)1430751122.2
(171, 162, 95)1430751122.24
(168, 156, 94)1430751122.28
(171, 159, 95)1430751122.32
(171, 158, 93)1430751122.37
(171, 158, 96)1430751122.41
(171, 160, 95)1430751122.45
(171, 158, 96)1430751122.49
(172, 160, 97)1430751122.53
(173, 161, 96)1430751122.58
(172, 159, 97)1430751122.62
(173, 161, 96)1430751122.67
(172, 159, 95)1430751122.7
(172, 158, 95)1430751122.74
(172, 160, 95)1430751122.78
(172, 160, 95)1430751122.82
(174, 161, 95)1430751122.86
(174, 162, 96)1430751122.9
(170, 159, 95)1430751122.94
(171, 160, 96)1430751122.98
(172, 161, 96)1430751123.02
(172, 160, 96)1430751123.06
(172, 162, 97)1430751123.1
(171, 159, 96)1430751123.14
(172, 161, 94)1430751123.18
(171, 158, 97)1430751123.22
(172, 160, 94)1430751123.26
(172, 161, 95)1430751123.3
(173, 161, 97)1430751123.34
(172, 159, 94)1430751123.38
(172, 160, 96)1430751123.42
(172, 162, 94)1430751123.46
(171, 159, 95)1430751123.5
(172, 161, 94)1430751123.54
(171, 161, 94)1430751123.58
(174, 159, 96)1430751123.62
(172, 160, 94)1430751123.66
(173, 161, 97)1430751123.7
(172, 160, 95)1430751123.74
(173, 161, 96)1430751123.78
(172, 160, 95)1430751123.82
(173, 159, 97)1430751123.86
(173, 162, 96)1430751123.9
(174, 160, 96)1430751123.94
(173, 161, 96)1430751123.98
(173, 159, 96)1430751124.02
(174, 161, 96)1430751124.06
(171, 160, 93)1430751124.1
(171, 159, 96)1430751124.14
(170, 158, 96)1430751124.18
(173, 159, 96)1430751124.22
(172, 160, 95)1430751124.26
(174, 158, 96)1430751124.3
(173, 159, 96)1430751124.34
(172, 161, 96)1430751124.38
(172, 159, 97)1430751124.42
(173, 162, 97)1430751124.46
(167, 154, 93)1430751124.5
(163, 151, 93)1430751124.54
(155, 142, 87)1430751124.6
(131, 108, 72)1430751124.66     -
(134, 132, 84)1430751124.72
(162, 154, 93)1430751124.78
(170, 157, 95)1430751124.84
(171, 158, 95)1430751124.9
(172, 160, 95)1430751124.96
(171, 159, 96)1430751125.02
(172, 160, 95)1430751125.06
(173, 159, 95)1430751125.11
(172, 159, 95)1430751125.16
(171, 158, 95)1430751125.19
(173, 160, 96)1430751125.23
(171, 158, 94)1430751125.27
(171, 158, 95)1430751125.31
(172, 160, 95)1430751125.36
(172, 158, 96)1430751125.4
(174, 161, 96)1430751125.44
(173, 159, 94)1430751125.49
(172, 157, 94)1430751125.52
(173, 158, 92)1430751125.57
(172, 159, 94)1430751125.61
(173, 161, 94)1430751125.65
(173, 158, 93)1430751125.69
(172, 161, 95)1430751125.73
(174, 159, 96)1430751125.77
(172, 158, 95)1430751125.81
(173, 159, 95)1430751125.85
(173, 159, 94)1430751125.89
(172, 157, 94)1430751125.93
(172, 157, 96)1430751125.97
(173, 161, 97)1430751126.01
(173, 159, 96)1430751126.05
(173, 159, 95)1430751126.09
(173, 160, 95)1430751126.13
(175, 158, 95)1430751126.18
(173, 160, 94)1430751126.21
(173, 160, 95)1430751126.25
(174, 162, 93)1430751126.29
(173, 159, 95)1430751126.33
(174, 160, 96)1430751126.37
(174, 161, 96)1430751126.41
(174, 160, 96)1430751126.45
(173, 160, 95)1430751126.49
(173, 161, 95)1430751126.53
(172, 161, 95)1430751126.58
(173, 162, 96)1430751126.61
(171, 161, 96)1430751126.65
(172, 159, 96)1430751126.69
(173, 160, 95)1430751126.73
(174, 161, 93)1430751126.78
(174, 161, 94)1430751126.81
(172, 160, 95)1430751126.85
(172, 161, 95)1430751126.89
(172, 160, 95)1430751126.93
(174, 161, 95)1430751126.98
(174, 159, 96)1430751127.01
(172, 158, 95)1430751127.05
(172, 161, 97)1430751127.09
(173, 160, 96)1430751127.13
(173, 162, 96)1430751127.18
(173, 160, 96)1430751127.21
(174, 159, 95)1430751127.25
(172, 158, 95)1430751127.29
(172, 156, 94)1430751127.33
(172, 157, 94)1430751127.38
(171, 157, 94)1430751127.41
(173, 157, 96)1430751127.45
(173, 157, 95)1430751127.49
(172, 157, 96)1430751127.53
(173, 158, 95)1430751127.58
(171, 157, 96)1430751127.61
(172, 159, 95)1430751127.65
(172, 157, 96)1430751127.69
(170, 156, 95)1430751127.73
(169, 156, 95)1430751127.78
(157, 146, 89)1430751127.82
(138, 116, 77)1430751127.86
(126, 111, 75)1430751127.91     -
(150, 145, 88)1430751127.96
(166, 155, 92)1430751128.0
(169, 158, 91)1430751128.04
(171, 159, 94)1430751128.08
(171, 157, 93)1430751128.13
(171, 157, 95)1430751128.18
(170, 158, 95)1430751128.21
(170, 157, 95)1430751128.25
(171, 160, 94)1430751128.29
(171, 159, 95)1430751128.33
(172, 160, 94)1430751128.38
(172, 157, 94)1430751128.41
(172, 157, 94)1430751128.45
(173, 157, 95)1430751128.49
(172, 158, 93)1430751128.53
(172, 159, 95)1430751128.58
(172, 158, 96)1430751128.61
(172, 160, 95)1430751128.65
(172, 158, 94)1430751128.69
(172, 159, 95)1430751128.73
(172, 158, 95)1430751128.77
(173, 159, 94)1430751128.81
(172, 160, 95)1430751128.85
(171, 158, 95)1430751128.89
(173, 158, 96)1430751128.94
(172, 158, 96)1430751128.97
(173, 160, 96)1430751129.01
(172, 160, 95)1430751129.05
(173, 160, 96)1430751129.09
(173, 161, 95)1430751129.13
(172, 161, 96)1430751129.17
(172, 160, 98)1430751129.21
(172, 161, 96)1430751129.25
(172, 160, 95)1430751129.29
(172, 159, 95)1430751129.33
(173, 160, 95)1430751129.37
(172, 160, 95)1430751129.41
(173, 159, 94)1430751129.45
(172, 160, 94)1430751129.49
(171, 158, 94)1430751129.53
(173, 162, 94)1430751129.58
(171, 159, 95)1430751129.63
(173, 159, 96)1430751129.69
(174, 160, 95)1430751129.74
(173, 158, 95)1430751129.79
(171, 157, 95)1430751129.85
(173, 160, 94)1430751129.9
(172, 160, 94)1430751129.96
(171, 157, 95)1430751130.02
(170, 161, 96)1430751130.07
(172, 160, 94)1430751130.13
(172, 160, 95)1430751130.18
(172, 159, 94)1430751130.21
(172, 158, 96)1430751130.25
(172, 157, 95)1430751130.29
(171, 159, 94)1430751130.33
(171, 159, 96)1430751130.38
(170, 159, 95)1430751130.41
(171, 157, 94)1430751130.45
(173, 160, 95)1430751130.49
(171, 157, 95)1430751130.53
(171, 158, 94)1430751130.57
(174, 159, 94)1430751130.61
(172, 159, 95)1430751130.65
(171, 159, 94)1430751130.69
(168, 155, 93)1430751130.73
(161, 146, 88)1430751130.77
(144, 126, 79)1430751130.82
(123, 102, 68)1430751130.87     -
(141, 140, 84)1430751130.92
(161, 153, 93)1430751130.97
(169, 157, 94)1430751131.01
(171, 157, 95)1430751131.05
(172, 159, 95)1430751131.09
(173, 161, 95)1430751131.13
(171, 158, 96)1430751131.17
(170, 158, 94)1430751131.21
(171, 157, 94)1430751131.25
(172, 160, 95)1430751131.29
(172, 159, 94)1430751131.33
(174, 158, 95)1430751131.37
(172, 157, 94)1430751131.41
(173, 160, 96)1430751131.45
(172, 157, 95)1430751131.49
(172, 159, 94)1430751131.53
(172, 158, 94)1430751131.57
(169, 156, 91)1430751131.61
(169, 151, 92)1430751131.65
(171, 158, 93)1430751131.69
(171, 158, 96)1430751131.73
(173, 160, 95)1430751131.78
(172, 158, 95)1430751131.81
(171, 158, 95)1430751131.85
(172, 160, 95)1430751131.89
(172, 160, 94)1430751131.93
(172, 160, 95)1430751131.97
(174, 158, 95)1430751132.01
(172, 160, 94)1430751132.05
(173, 159, 96)1430751132.09
(173, 160, 95)1430751132.13
(173, 157, 95)1430751132.17
(173, 159, 96)1430751132.21
(173, 160, 94)1430751132.25
(173, 158, 94)1430751132.29
(174, 160, 95)1430751132.33
(174, 160, 96)1430751132.37
(174, 160, 96)1430751132.41
(174, 160, 96)1430751132.45
(174, 160, 96)1430751132.49
(174, 160, 96)1430751132.53
(174, 160, 96)1430751132.57
(174, 160, 96)1430751132.61
(174, 160, 96)1430751132.65
(174, 160, 95)1430751132.69
(174, 160, 95)1430751132.73
(173, 160, 95)1430751132.77
(174, 160, 95)1430751132.81
(173, 160, 95)1430751132.85
(174, 160, 95)1430751132.89
(173, 160, 95)1430751132.93
(174, 160, 96)1430751132.97
(174, 160, 96)1430751133.01
(174, 160, 95)1430751133.05
(174, 160, 96)1430751133.09
(174, 160, 96)1430751133.13
(174, 160, 95)1430751133.17
(173, 160, 96)1430751133.21
(174, 160, 96)1430751133.25
(174, 160, 96)1430751133.29
(174, 160, 95)1430751133.33
(174, 160, 95)1430751133.37
(174, 160, 95)1430751133.41
(174, 160, 95)1430751133.45
(173, 160, 95)1430751133.49
(174, 160, 96)1430751133.53
(174, 160, 95)1430751133.57
(174, 160, 95)1430751133.61
(173, 160, 95)1430751133.65
(173, 160, 96)1430751133.69
(174, 160, 95)1430751133.73
(174, 160, 96)1430751133.77
(173, 160, 95)1430751133.81
(174, 161, 95)1430751133.85
(174, 160, 95)1430751133.89
(174, 161, 95)1430751133.93
(174, 161, 96)1430751133.97
(174, 161, 96)1430751134.01
(174, 161, 96)1430751134.05
(175, 161, 96)1430751134.09
(177, 163, 96)1430751134.14
2015-05-04 16:59:16.558599(68, 88, 64)1430751556.69
(66, 86, 65)1430751556.83
(68, 87, 66)1430751556.91
(69, 91, 66)1430751556.98
(66, 85, 65)1430751557.04
(67, 88, 65)1430751557.1
(67, 85, 64)1430751557.17
(66, 87, 64)1430751557.24
(66, 87, 67)1430751557.31
(68, 89, 65)1430751557.38
(70, 90, 66)1430751557.44
(71, 92, 67)1430751557.51
(69, 89, 66)1430751557.58
(71, 91, 66)1430751557.63
(69, 89, 67)1430751557.68
(69, 88, 66)1430751557.73
(70, 88, 66)1430751557.78
(68, 87, 66)1430751557.83
(70, 91, 68)1430751557.88
(69, 89, 68)1430751557.93
(71, 91, 66)1430751557.98
(71, 92, 68)1430751558.03
(72, 90, 69)1430751558.08
(72, 93, 68)1430751558.13
(72, 92, 68)1430751558.18
(72, 91, 68)1430751558.23
(70, 90, 68)1430751558.28
(72, 92, 68)1430751558.33
(73, 92, 68)1430751558.38
(71, 92, 68)1430751558.43
(71, 93, 70)1430751558.48
(70, 91, 68)1430751558.53
(70, 90, 67)1430751558.58
(70, 91, 66)1430751558.63
(70, 89, 68)1430751558.68
(69, 89, 67)1430751558.73
(69, 90, 67)1430751558.78
(69, 90, 67)1430751558.83
(67, 90, 67)1430751558.88
(69, 90, 66)1430751558.93
(71, 93, 67)1430751558.97
(70, 91, 68)1430751559.03
(69, 90, 66)1430751559.08
(69, 89, 66)1430751559.12
(70, 91, 65)1430751559.16
(69, 89, 65)1430751559.22
(70, 91, 69)1430751559.27
(72, 94, 68)1430751559.31
(70, 90, 68)1430751559.36
(69, 88, 67)1430751559.42
(69, 91, 67)1430751559.47
(69, 89, 67)1430751559.52
(68, 90, 66)1430751559.56
(67, 85, 67)1430751559.64
(68, 89, 65)1430751559.7
(68, 89, 68)1430751559.76
(67, 88, 65)1430751559.82
(67, 89, 67)1430751559.89
(66, 88, 66)1430751559.95
(68, 86, 65)1430751560.01
(66, 85, 64)1430751560.07
(69, 89, 68)1430751560.12
(68, 90, 67)1430751560.17
(67, 87, 66)1430751560.23
(70, 89, 66)1430751560.28
(68, 88, 67)1430751560.33
(67, 89, 67)1430751560.38
(68, 86, 68)1430751560.43
(68, 88, 66)1430751560.48
(69, 88, 65)1430751560.53
(67, 86, 66)1430751560.57
(68, 86, 67)1430751560.68
(68, 88, 67)1430751560.73
(68, 90, 65)1430751560.78
(71, 89, 64)1430751560.83
(78, 92, 68)1430751560.88
(84, 93, 75)1430751560.93
(76, 91, 71)1430751560.98
(71, 89, 67)1430751561.03
(65, 86, 65)1430751561.08
(65, 89, 65)1430751561.13
(64, 87, 65)1430751561.18
(64, 88, 65)1430751561.23
(64, 85, 65)1430751561.28
(65, 87, 65)1430751561.33
(65, 87, 63)1430751561.37
(66, 86, 67)1430751561.43
(67, 87, 65)1430751561.48
(65, 86, 66)1430751561.53
(67, 87, 68)1430751561.57
(66, 89, 63)1430751561.63
(65, 86, 64)1430751561.68
(65, 86, 65)1430751561.72
(64, 89, 64)1430751561.77
(64, 88, 64)1430751561.82
(65, 86, 65)1430751561.87
(65, 86, 64)1430751561.92
(66, 87, 63)1430751561.97
(65, 87, 61)1430751562.02
2015-05-04 17:03:34.421665(180, 162, 100)1430751814.5
(178, 166, 98)1430751814.58
(179, 166, 99)1430751814.68
(180, 164, 97)1430751814.75
(179, 167, 98)1430751814.82
(177, 165, 98)1430751814.88
(180, 166, 98)1430751814.95
(179, 164, 98)1430751815.02
(178, 163, 100)1430751815.1
(178, 168, 99)1430751815.18
(177, 166, 97)1430751815.25
(179, 166, 99)1430751815.31
(180, 169, 99)1430751815.37
(177, 163, 98)1430751815.45
(178, 164, 98)1430751815.51
(179, 164, 98)1430751815.58
(178, 169, 99)1430751815.65
(179, 166, 100)1430751815.71
(179, 164, 97)1430751815.76
(178, 164, 96)1430751815.81
(178, 165, 96)1430751815.85
(177, 165, 97)1430751815.89
(179, 164, 97)1430751815.93
(181, 168, 98)1430751815.97
(179, 166, 98)1430751816.01
(177, 165, 99)1430751816.05
(178, 166, 98)1430751816.1
(179, 166, 98)1430751816.13
(179, 166, 98)1430751816.17
(177, 165, 98)1430751816.21
(178, 165, 97)1430751816.25
(177, 164, 99)1430751816.29
(177, 166, 95)1430751816.33
(178, 168, 99)1430751816.37
(180, 169, 100)1430751816.41
(180, 169, 100)1430751816.45
(177, 166, 99)1430751816.5
(177, 162, 99)1430751816.53
(178, 167, 98)1430751816.58
(179, 166, 96)1430751816.62
(178, 165, 99)1430751816.66
(177, 166, 97)1430751816.7
(177, 166, 98)1430751816.74
(179, 169, 101)1430751816.78
(178, 167, 98)1430751816.82
(178, 167, 100)1430751816.86
(178, 167, 97)1430751816.9
(176, 164, 98)1430751816.94
(178, 168, 97)1430751816.98
(177, 163, 98)1430751817.02
(177, 166, 98)1430751817.06
(178, 165, 98)1430751817.1
(178, 165, 98)1430751817.14
(178, 165, 99)1430751817.18
(179, 165, 99)1430751817.22
(177, 164, 98)1430751817.26
(178, 166, 97)1430751817.3
(177, 165, 97)1430751817.34
(178, 166, 96)1430751817.38
(179, 168, 97)1430751817.42
(178, 165, 98)1430751817.46
(177, 164, 98)1430751817.5
(179, 166, 98)1430751817.54
(177, 165, 98)1430751817.58
(178, 166, 100)1430751817.62
(177, 167, 100)1430751817.66
(179, 171, 100)1430751817.7
(180, 169, 101)1430751817.74
(178, 166, 100)1430751817.78
(180, 170, 99)1430751817.82
(178, 168, 98)1430751817.86
(179, 166, 100)1430751817.9
(178, 166, 99)1430751817.94
(178, 166, 97)1430751817.98
(180, 168, 99)1430751818.02
(179, 168, 101)1430751818.06
(182, 170, 99)1430751818.1
(180, 170, 101)1430751818.14
(179, 168, 99)1430751818.18
(180, 170, 100)1430751818.22
(179, 167, 100)1430751818.26
(179, 166, 99)1430751818.3
(179, 168, 100)1430751818.34
(181, 172, 100)1430751818.38
(180, 169, 102)1430751818.42
(178, 167, 100)1430751818.46
(177, 164, 101)1430751818.5
(170, 160, 97)1430751818.54
(147, 137, 83)1430751818.59
(130, 112, 78)1430751818.64     -
(149, 136, 88)1430751818.69
(167, 160, 94)1430751818.73
(174, 165, 95)1430751818.77
(178, 168, 98)1430751818.9
(180, 166, 99)1430751818.92
(178, 166, 100)1430751818.96
(179, 166, 97)1430751819.0
(179, 165, 99)1430751819.04
(178, 167, 99)1430751819.09
(179, 167, 99)1430751819.13
(180, 167, 100)1430751819.17
(180, 168, 99)1430751819.21
(180, 167, 100)1430751819.25
(179, 166, 100)1430751819.29
(180, 168, 99)1430751819.33
(179, 165, 100)1430751819.37
(179, 166, 98)1430751819.41
(179, 164, 98)1430751819.45
(179, 165, 97)1430751819.5
(179, 164, 98)1430751819.53
(180, 165, 99)1430751819.58
(179, 166, 98)1430751819.63
(179, 165, 98)1430751819.69
(180, 168, 100)1430751819.74
(178, 166, 98)1430751819.8
(177, 164, 99)1430751819.85
(179, 163, 99)1430751819.9
(179, 164, 100)1430751819.95
(180, 167, 98)1430751820.0
(180, 165, 99)1430751820.04
(181, 165, 100)1430751820.09
(180, 166, 99)1430751820.13
(180, 168, 100)1430751820.17
(182, 169, 100)1430751820.21
(180, 167, 98)1430751820.25
(178, 167, 97)1430751820.3
(181, 168, 100)1430751820.33
(180, 165, 100)1430751820.37
(180, 168, 100)1430751820.41
(180, 168, 100)1430751820.45
(180, 166, 99)1430751820.5
(180, 167, 100)1430751820.53
(180, 167, 100)1430751820.57
(180, 168, 100)1430751820.61
(179, 166, 99)1430751820.65
(182, 169, 100)1430751820.7
(180, 167, 100)1430751820.73
(178, 169, 99)1430751820.77
(181, 167, 99)1430751820.81
(178, 165, 99)1430751820.85
(181, 167, 99)1430751820.9
(179, 168, 99)1430751820.93
(180, 167, 100)1430751820.97
(179, 167, 100)1430751821.01
(180, 165, 100)1430751821.05
(181, 170, 100)1430751821.1
(181, 167, 100)1430751821.13
(180, 167, 100)1430751821.17
(182, 166, 100)1430751821.21
(181, 168, 99)1430751821.25
(181, 168, 99)1430751821.3
(180, 167, 100)1430751821.33
(181, 167, 100)1430751821.37
(180, 167, 98)1430751821.41
(179, 167, 99)1430751821.45
(180, 167, 97)1430751821.5
(177, 165, 99)1430751821.53
(179, 167, 98)1430751821.57
(180, 168, 100)1430751821.61
(179, 167, 100)1430751821.65
(180, 166, 100)1430751821.69
(179, 166, 100)1430751821.73
(181, 166, 100)1430751821.77
(181, 168, 100)1430751821.81
(181, 169, 100)1430751821.85
(180, 166, 98)1430751821.89
(180, 165, 99)1430751821.93
(179, 165, 99)1430751821.97
(180, 166, 99)1430751822.01
(179, 164, 100)1430751822.05
(179, 164, 100)1430751822.09
(180, 169, 100)1430751822.13
(179, 166, 100)1430751822.17
(178, 167, 99)1430751822.21
(180, 168, 100)1430751822.25
(179, 167, 100)1430751822.29
(182, 170, 99)1430751822.33
(178, 164, 100)1430751822.37
(179, 166, 98)1430751822.41
(180, 166, 98)1430751822.45
(179, 164, 98)1430751822.5
(178, 163, 97)1430751822.53
(177, 163, 97)1430751822.57
(177, 163, 98)1430751822.61
(180, 166, 98)1430751822.65
(179, 165, 99)1430751822.7
(177, 164, 98)1430751822.73
(179, 167, 99)1430751822.77
(179, 166, 99)1430751822.81
(181, 167, 98)1430751822.85
(178, 165, 99)1430751822.9
(181, 169, 99)1430751822.93
(180, 167, 99)1430751822.97
(180, 167, 100)1430751823.01
(181, 167, 100)1430751823.05
(180, 167, 100)1430751823.09
(180, 167, 98)1430751823.13
(180, 167, 101)1430751823.17
(181, 168, 100)1430751823.21
(180, 168, 100)1430751823.25
(180, 166, 100)1430751823.3
(179, 168, 101)1430751823.33
(181, 169, 100)1430751823.37
(181, 169, 100)1430751823.41
(181, 170, 100)1430751823.45
(181, 167, 99)1430751823.49
(180, 167, 99)1430751823.53
(180, 168, 100)1430751823.57
(180, 168, 100)1430751823.61
(180, 167, 100)1430751823.65
(180, 168, 99)1430751823.7
(181, 168, 100)1430751823.73
(179, 167, 98)1430751823.77
(176, 160, 100)1430751823.81
(166, 157, 96)1430751823.85
(154, 134, 82)1430751823.9
(134, 110, 78)1430751823.95        -
(153, 145, 87)1430751823.99
(165, 161, 91)1430751824.03
(173, 166, 95)1430751824.08
(175, 165, 99)1430751824.12
(177, 167, 99)1430751824.16
(178, 166, 99)1430751824.2
(179, 169, 99)1430751824.24
(177, 166, 101)1430751824.29
(176, 168, 100)1430751824.33
(179, 168, 101)1430751824.37
(179, 166, 101)1430751824.41
(177, 166, 99)1430751824.45
(177, 164, 98)1430751824.5
(176, 163, 99)1430751824.53
(177, 165, 98)1430751824.57
(179, 167, 98)1430751824.63
(178, 166, 99)1430751824.69
(180, 168, 98)1430751824.74
(180, 165, 101)1430751824.79
(179, 168, 101)1430751824.85
(180, 167, 100)1430751824.91
(179, 167, 100)1430751824.96
(179, 168, 100)1430751825.02
(179, 166, 101)1430751825.08
(179, 167, 100)1430751825.11
(179, 167, 100)1430751825.15
(178, 164, 102)1430751825.19
(179, 167, 102)1430751825.23
(180, 168, 101)1430751825.28
(179, 168, 101)1430751825.31
(178, 169, 99)1430751825.35
(179, 169, 100)1430751825.39
(179, 167, 101)1430751825.43
(179, 170, 99)1430751825.48
(179, 169, 101)1430751825.52
(180, 168, 102)1430751825.56
(180, 170, 101)1430751825.6
(180, 169, 100)1430751825.64
(178, 164, 98)1430751825.69
(178, 166, 101)1430751825.73
(178, 168, 99)1430751825.77
(179, 168, 99)1430751825.81
(179, 166, 102)1430751825.85
(179, 167, 102)1430751825.9
(180, 171, 101)1430751825.93
(179, 169, 101)1430751825.97
(176, 165, 100)1430751826.01
(179, 168, 100)1430751826.05
(178, 166, 100)1430751826.09
(179, 167, 102)1430751826.13
(179, 170, 100)1430751826.17
(179, 169, 100)1430751826.21
(177, 166, 100)1430751826.25
(180, 169, 99)1430751826.29
(178, 168, 100)1430751826.33
(179, 167, 101)1430751826.37
(178, 170, 100)1430751826.41
(180, 169, 102)1430751826.45
(180, 170, 102)1430751826.5
(179, 170, 102)1430751826.53
(179, 166, 102)1430751826.57
(180, 170, 101)1430751826.61
(178, 168, 101)1430751826.65
(177, 167, 100)1430751826.69
(179, 168, 100)1430751826.73
(180, 168, 100)1430751826.77
(179, 167, 100)1430751826.81
(180, 171, 98)1430751826.85
(177, 167, 99)1430751826.89
(180, 168, 99)1430751826.93
(179, 167, 100)1430751826.97
(180, 167, 98)1430751827.01
(178, 166, 99)1430751827.05
(180, 169, 100)1430751827.09
(178, 168, 99)1430751827.13
(180, 170, 100)1430751827.17
(178, 168, 100)1430751827.21
(179, 169, 100)1430751827.25
(178, 165, 101)1430751827.29
(179, 169, 101)1430751827.33
(179, 169, 101)1430751827.37
(179, 167, 101)1430751827.41
(179, 166, 101)1430751827.45
(180, 169, 101)1430751827.5
(181, 169, 100)1430751827.53
(181, 170, 99)1430751827.57
(181, 169, 102)1430751827.61
(179, 167, 101)1430751827.65
(181, 170, 101)1430751827.69
(178, 165, 101)1430751827.73
(180, 168, 99)1430751827.77
(178, 165, 100)1430751827.81
(179, 168, 102)1430751827.85
(179, 169, 99)1430751827.9
(179, 166, 100)1430751827.93
(178, 167, 102)1430751827.97
(181, 169, 100)1430751828.01
(178, 167, 100)1430751828.05
(178, 168, 100)1430751828.1
(179, 168, 99)1430751828.13
(178, 166, 100)1430751828.17
(177, 168, 99)1430751828.21
(177, 166, 100)1430751828.25
(178, 167, 100)1430751828.3
(178, 168, 100)1430751828.33
(178, 169, 99)1430751828.37
(179, 166, 101)1430751828.41
(179, 169, 99)1430751828.45
(181, 168, 100)1430751828.5
(179, 167, 99)1430751828.53
(175, 162, 100)1430751828.57
(179, 168, 98)1430751828.61
(179, 166, 98)1430751828.65
(179, 166, 100)1430751828.7
(178, 166, 98)1430751828.73
(179, 168, 98)1430751828.77
(179, 164, 101)1430751828.81
(179, 166, 101)1430751828.85
(178, 165, 99)1430751828.9
(179, 164, 100)1430751828.93
(181, 170, 99)1430751828.97
(179, 168, 99)1430751829.01
(181, 169, 101)1430751829.05
(180, 167, 101)1430751829.1
(172, 162, 100)1430751829.13
(156, 148, 90)1430751829.17
(135, 116, 79)1430751829.22
(137, 115, 84)1430751829.27     --
(155, 148, 89)1430751829.3
(165, 158, 91)1430751829.34
(174, 163, 95)1430751829.38
(174, 162, 97)1430751829.42
(177, 167, 97)1430751829.46
(178, 168, 100)1430751829.5
(179, 169, 99)1430751829.54
(179, 165, 99)1430751829.58
(178, 163, 99)1430751829.63
(178, 165, 98)1430751829.69
(177, 164, 98)1430751829.74
(178, 167, 98)1430751829.79
(176, 163, 101)1430751829.84
(178, 168, 98)1430751829.9
(178, 168, 102)1430751829.96
(179, 165, 100)1430751830.02
(180, 167, 102)1430751830.06
(179, 167, 101)1430751830.1
(180, 168, 101)1430751830.14
(181, 169, 100)1430751830.18
(178, 168, 99)1430751830.22
(179, 167, 99)1430751830.26
(180, 167, 100)1430751830.3
(179, 167, 98)1430751830.34
(180, 166, 98)1430751830.38
(178, 166, 98)1430751830.42
(180, 168, 100)1430751830.46
(180, 169, 98)1430751830.5
(180, 167, 98)1430751830.54
(179, 167, 100)1430751830.58
(180, 167, 99)1430751830.62
(181, 168, 100)1430751830.66
(179, 166, 99)1430751830.7
(181, 167, 99)1430751830.74
(182, 168, 100)1430751830.78
(181, 169, 99)1430751830.82
(179, 167, 98)1430751830.86
(180, 166, 99)1430751830.9
(179, 166, 98)1430751830.94
(180, 168, 98)1430751830.98
(181, 169, 99)1430751831.02
(182, 168, 100)1430751831.06
(182, 168, 100)1430751831.1
(181, 167, 99)1430751831.14
(180, 166, 100)1430751831.18
(181, 170, 99)1430751831.22
(181, 168, 100)1430751831.26
(180, 167, 101)1430751831.3
(181, 168, 101)1430751831.34
(181, 170, 101)1430751831.38
(181, 168, 100)1430751831.42
(182, 169, 101)1430751831.46
(182, 168, 101)1430751831.5
(182, 170, 98)1430751831.54
(181, 167, 99)1430751831.58
(179, 164, 99)1430751831.62
(181, 168, 99)1430751831.66
(180, 167, 98)1430751831.7
(181, 167, 99)1430751831.74
(181, 167, 98)1430751831.78
(180, 166, 98)1430751831.82
(180, 168, 98)1430751831.86
(181, 166, 98)1430751831.9
(181, 168, 97)1430751831.94
(182, 167, 99)1430751831.98
(181, 168, 100)1430751832.02
(180, 167, 100)1430751832.06
(181, 167, 101)1430751832.1
(180, 168, 99)1430751832.14
(181, 167, 99)1430751832.18
(181, 168, 100)1430751832.22
(179, 167, 99)1430751832.26
(182, 170, 99)1430751832.3
(180, 168, 99)1430751832.34
(180, 167, 99)1430751832.38
(181, 165, 100)1430751832.42
(180, 166, 99)1430751832.46
(180, 166, 100)1430751832.5
(179, 166, 100)1430751832.54
(180, 168, 100)1430751832.58
(181, 169, 101)1430751832.62
(182, 167, 101)1430751832.66
(180, 167, 100)1430751832.7
(182, 169, 101)1430751832.74
(181, 168, 100)1430751832.78
(180, 166, 99)1430751832.82
(180, 168, 98)1430751832.86
(182, 168, 100)1430751832.9
(181, 168, 100)1430751832.94
(181, 168, 99)1430751832.98
(181, 167, 101)1430751833.02
(180, 167, 100)1430751833.06
(181, 166, 100)1430751833.1
(179, 168, 100)1430751833.14
(181, 166, 100)1430751833.18
(179, 166, 98)1430751833.22
(180, 167, 100)1430751833.26
(181, 169, 99)1430751833.3
(181, 169, 98)1430751833.34
(181, 167, 99)1430751833.38
(181, 168, 99)1430751833.42
(180, 167, 100)1430751833.46
(179, 165, 100)1430751833.5
(181, 167, 100)1430751833.54
(180, 166, 98)1430751833.58
(179, 163, 99)1430751833.62
(180, 165, 98)1430751833.66
(179, 164, 100)1430751833.7
(181, 167, 101)1430751833.74
(180, 166, 101)1430751833.78
(181, 167, 100)1430751833.82
(181, 166, 101)1430751833.86
(180, 168, 100)1430751833.9
(180, 167, 100)1430751833.94
(181, 167, 101)1430751833.98
(181, 169, 101)1430751834.02
(181, 167, 101)1430751834.06
(180, 167, 102)1430751834.1
(181, 169, 101)1430751834.14
(179, 167, 100)1430751834.18
(181, 168, 101)1430751834.22
(179, 166, 101)1430751834.26
(179, 164, 100)1430751834.3
(180, 166, 100)1430751834.34
(178, 163, 100)1430751834.38
(174, 158, 99)1430751834.42
(156, 146, 89)1430751834.46
(138, 118, 79)1430751834.51     --
(137, 116, 86)1430751834.57
(159, 154, 92)1430751834.62
(172, 163, 96)1430751834.68
(175, 166, 98)1430751834.74
(179, 167, 100)1430751834.79
(179, 168, 101)1430751834.84
(178, 168, 101)1430751834.91
(179, 167, 101)1430751834.96
(180, 168, 101)1430751835.0
(179, 169, 101)1430751835.04
(179, 169, 99)1430751835.09
(179, 165, 100)1430751835.13
(181, 170, 99)1430751835.17
(180, 169, 100)1430751835.21
(179, 167, 98)1430751835.25
(180, 168, 99)1430751835.29
(179, 165, 98)1430751835.33
(180, 168, 100)1430751835.37
(179, 166, 101)1430751835.41
(179, 166, 101)1430751835.45
(180, 167, 99)1430751835.5
(179, 166, 98)1430751835.53
(181, 168, 99)1430751835.57
(181, 167, 99)1430751835.61
(179, 168, 99)1430751835.65
(179, 167, 99)1430751835.69
(180, 169, 101)1430751835.73
(180, 169, 100)1430751835.77
(180, 166, 100)1430751835.81
(179, 167, 100)1430751835.85
(179, 166, 100)1430751835.89
(180, 167, 100)1430751835.93
(178, 166, 99)1430751835.97
(179, 165, 99)1430751836.01
(180, 168, 99)1430751836.05
(177, 166, 99)1430751836.09
(179, 165, 100)1430751836.13
(179, 167, 99)1430751836.17
(178, 169, 100)1430751836.21
(176, 164, 99)1430751836.25
(180, 166, 98)1430751836.29
(176, 164, 98)1430751836.33
(178, 167, 98)1430751836.37
(179, 168, 99)1430751836.41
(181, 168, 100)1430751836.45
(180, 168, 100)1430751836.5
(180, 167, 100)1430751836.53
(180, 169, 99)1430751836.57
(179, 165, 99)1430751836.61
(178, 167, 100)1430751836.65
(179, 166, 99)1430751836.69
(179, 167, 98)1430751836.73
(181, 169, 98)1430751836.77
(182, 170, 101)1430751836.81
(180, 170, 100)1430751836.85
(179, 168, 101)1430751836.9
(180, 168, 101)1430751836.93
(180, 168, 101)1430751836.97
(179, 166, 100)1430751837.01
(178, 166, 100)1430751837.05
(180, 169, 99)1430751837.1
(180, 167, 100)1430751837.13
(179, 166, 101)1430751837.17
(179, 167, 100)1430751837.21
(179, 167, 101)1430751837.25
(179, 168, 99)1430751837.3
(181, 169, 100)1430751837.33
(179, 167, 99)1430751837.37
(179, 164, 98)1430751837.41
(179, 167, 98)1430751837.45
(177, 165, 97)1430751837.5
(180, 166, 99)1430751837.53
(179, 166, 99)1430751837.57
(178, 168, 99)1430751837.61
(179, 167, 100)1430751837.65
(178, 164, 100)1430751837.7
(179, 166, 99)1430751837.73
(180, 168, 99)1430751837.77
(179, 169, 100)1430751837.81
(179, 167, 101)1430751837.85
(181, 169, 100)1430751837.9
(179, 168, 99)1430751837.93
(178, 165, 101)1430751837.97
(179, 167, 99)1430751838.01
(178, 165, 99)1430751838.05
(180, 167, 100)1430751838.1
(178, 166, 99)1430751838.13
(177, 166, 101)1430751838.17
(179, 168, 101)1430751838.21
(179, 168, 100)1430751838.25
(178, 166, 100)1430751838.29
(179, 167, 100)1430751838.33
(179, 165, 98)1430751838.37
(177, 163, 98)1430751838.41
(179, 166, 98)1430751838.45
(177, 166, 100)1430751838.5
(179, 167, 99)1430751838.53
(178, 165, 100)1430751838.57
(178, 164, 97)1430751838.61
(176, 162, 98)1430751838.65
(177, 164, 99)1430751838.7
(179, 165, 99)1430751838.73
(179, 165, 99)1430751838.77
(179, 167, 100)1430751838.81
(179, 167, 100)1430751838.85
(179, 166, 98)1430751838.89
(177, 164, 99)1430751838.93
(178, 165, 98)1430751838.97
(177, 163, 98)1430751839.01
(178, 167, 99)1430751839.05
(178, 165, 100)1430751839.09
(177, 165, 98)1430751839.13
(177, 161, 98)1430751839.17
(177, 164, 98)1430751839.21
(176, 164, 97)1430751839.25
(177, 164, 98)1430751839.29
(178, 164, 98)1430751839.33
(177, 164, 99)1430751839.37
(178, 166, 99)1430751839.41
(178, 163, 99)1430751839.45
(177, 165, 99)1430751839.5
(178, 165, 99)1430751839.53
(177, 163, 99)1430751839.58
(178, 165, 97)1430751839.63
(179, 167, 101)1430751839.69
(171, 160, 97)1430751839.75
(144, 125, 78)1430751839.81     --
(140, 126, 88)1430751839.89
(163, 155, 93)1430751839.94
(172, 162, 97)1430751839.99
(178, 164, 98)1430751840.03
(178, 165, 98)1430751840.08
(177, 164, 97)1430751840.12
(179, 166, 97)1430751840.16
(179, 163, 98)1430751840.2
(180, 167, 100)1430751840.24
(179, 167, 100)1430751840.29
(179, 167, 99)1430751840.33
(179, 166, 100)1430751840.37
(179, 168, 98)1430751840.41
(179, 166, 100)1430751840.45
(182, 170, 100)1430751840.5
(180, 168, 98)1430751840.53
(179, 164, 98)1430751840.57
(178, 164, 98)1430751840.61
(178, 165, 98)1430751840.65
(180, 166, 97)1430751840.7
(181, 167, 99)1430751840.73
(180, 167, 99)1430751840.77
(180, 164, 101)1430751840.81
(180, 166, 101)1430751840.85
(181, 166, 101)1430751840.9
(180, 168, 100)1430751840.93
(180, 167, 99)1430751840.97
(178, 164, 99)1430751841.01
(179, 165, 99)1430751841.05
(178, 163, 99)1430751841.1
(178, 164, 99)1430751841.16
(179, 166, 100)1430751841.19
(178, 165, 101)1430751841.23
(179, 167, 99)1430751841.29
(179, 167, 98)1430751841.35
(179, 166, 100)1430751841.39
(179, 166, 100)1430751841.44
(179, 167, 101)1430751841.5
(179, 169, 101)1430751841.53
(178, 167, 99)1430751841.57
(179, 168, 100)1430751841.61
(179, 168, 101)1430751841.65
(179, 166, 100)1430751841.69
(181, 170, 99)1430751841.73
(179, 168, 100)1430751841.77
(181, 168, 101)1430751841.81
(179, 167, 100)1430751841.85
(179, 168, 100)1430751841.89
(180, 169, 98)1430751841.93
(180, 168, 100)1430751841.97
(181, 170, 100)1430751842.01
(178, 165, 99)1430751842.05
(181, 168, 99)1430751842.1
(180, 165, 100)1430751842.13
(181, 167, 98)1430751842.17
(181, 167, 98)1430751842.21
(182, 167, 101)1430751842.25
(182, 169, 98)1430751842.3
(183, 169, 101)1430751842.33
(179, 165, 97)1430751842.37
(180, 166, 99)1430751842.41
(182, 168, 98)1430751842.45
(178, 168, 100)1430751842.5
(179, 167, 102)1430751842.53
(180, 167, 101)1430751842.57
(179, 166, 101)1430751842.61
(179, 165, 100)1430751842.65
(179, 167, 100)1430751842.69
(178, 168, 101)1430751842.73
(181, 170, 101)1430751842.77
(180, 168, 101)1430751842.81
(180, 169, 101)1430751842.85
(181, 167, 100)1430751842.89
(180, 169, 100)1430751842.93
(180, 170, 100)1430751842.97
(180, 169, 100)1430751843.01
(181, 168, 101)1430751843.05
(181, 169, 100)1430751843.09
(180, 168, 100)1430751843.13
(179, 166, 98)1430751843.17
(178, 165, 100)1430751843.21
(180, 169, 100)1430751843.25
(180, 169, 100)1430751843.29
(180, 169, 102)1430751843.33
(181, 172, 100)1430751843.37
(182, 170, 101)1430751843.41
(180, 167, 101)1430751843.45
(179, 164, 100)1430751843.5
(181, 167, 102)1430751843.53
(181, 169, 101)1430751843.57
(182, 171, 100)1430751843.61
(180, 167, 101)1430751843.65
(180, 169, 101)1430751843.69
(179, 168, 101)1430751843.73
(178, 168, 99)1430751843.77
(180, 167, 99)1430751843.81
(180, 167, 100)1430751843.85
(181, 170, 98)1430751843.89
(180, 168, 99)1430751843.93
(179, 168, 99)1430751843.97
(180, 168, 101)1430751844.01
(180, 169, 100)1430751844.05
(180, 167, 101)1430751844.1
(180, 168, 100)1430751844.13
(180, 170, 102)1430751844.17
(179, 168, 100)1430751844.21
(179, 169, 101)1430751844.25
(179, 170, 102)1430751844.29
(180, 169, 102)1430751844.33
(178, 167, 99)1430751844.37
(180, 169, 102)1430751844.41
(180, 171, 100)1430751844.45
(179, 168, 101)1430751844.5
(179, 168, 101)1430751844.53
(179, 169, 101)1430751844.57
(179, 168, 100)1430751844.63
(180, 170, 102)1430751844.69
(179, 168, 101)1430751844.75
(180, 169, 100)1430751844.8
(180, 168, 101)1430751844.86
(179, 171, 100)1430751844.91
(180, 168, 100)1430751844.97
(172, 158, 99)1430751845.02
(157, 147, 89)1430751845.06
(134, 114, 78)1430751845.11     --
(137, 115, 82)1430751845.15
(157, 150, 89)1430751845.19
(168, 159, 93)1430751845.23
(175, 164, 96)1430751845.28
(177, 164, 98)1430751845.31
(178, 166, 98)1430751845.35
(178, 165, 98)1430751845.39
(179, 166, 98)1430751845.43
(180, 168, 100)1430751845.48
(178, 164, 99)1430751845.52
(179, 163, 98)1430751845.56
(180, 166, 99)1430751845.6
(181, 169, 98)1430751845.64
(178, 163, 99)1430751845.69
(178, 166, 99)1430751845.73
(177, 165, 98)1430751845.77
(177, 162, 98)1430751845.81
(178, 163, 98)1430751845.85
(179, 167, 98)1430751845.9
(178, 162, 100)1430751845.93
(177, 163, 97)1430751845.97
(178, 165, 98)1430751846.01
(178, 165, 97)1430751846.05
(178, 166, 99)1430751846.1
(179, 166, 99)1430751846.13
(179, 164, 99)1430751846.17
(181, 167, 101)1430751846.21
(182, 167, 101)1430751846.25
(180, 165, 100)1430751846.3
(182, 169, 98)1430751846.33
(181, 168, 99)1430751846.37
(179, 166, 97)1430751846.41
(180, 167, 98)1430751846.45
(179, 165, 100)1430751846.5
(181, 167, 99)1430751846.53
(179, 166, 100)1430751846.58
(181, 169, 99)1430751846.61
(182, 167, 99)1430751846.65
(180, 167, 98)1430751846.7
(182, 170, 100)1430751846.73
(180, 166, 100)1430751846.77
(179, 166, 100)1430751846.81
(181, 167, 100)1430751846.85
(179, 168, 100)1430751846.89
(180, 168, 101)1430751846.93
(180, 167, 98)1430751846.97
(180, 165, 99)1430751847.01
(179, 165, 100)1430751847.05
(179, 167, 100)1430751847.09
(179, 166, 100)1430751847.13
(180, 168, 100)1430751847.17
(180, 168, 100)1430751847.21
(181, 168, 101)1430751847.25
(180, 167, 101)1430751847.29
(179, 167, 101)1430751847.33
(178, 167, 99)1430751847.37
(178, 165, 99)1430751847.41
(179, 167, 98)1430751847.45
(180, 166, 100)1430751847.5
(180, 168, 100)1430751847.53
(180, 168, 100)1430751847.57
(180, 166, 100)1430751847.61
(180, 167, 99)1430751847.65
(179, 165, 99)1430751847.69
(179, 168, 98)1430751847.73
(178, 167, 99)1430751847.77
(179, 166, 99)1430751847.81
(179, 166, 99)1430751847.85
(179, 164, 101)1430751847.89
(180, 167, 99)1430751847.93
(179, 163, 99)1430751847.97
(179, 166, 98)1430751848.01
(180, 167, 98)1430751848.05
(179, 166, 98)1430751848.09
(178, 162, 98)1430751848.13
(180, 167, 99)1430751848.17
(179, 166, 100)1430751848.21
(180, 168, 99)1430751848.25
(179, 166, 99)1430751848.29
(179, 167, 99)1430751848.33
(179, 165, 101)1430751848.37
(179, 167, 98)1430751848.41
(178, 164, 98)1430751848.45
(178, 167, 99)1430751848.5
(179, 168, 99)1430751848.53
(178, 166, 99)1430751848.57
(178, 166, 100)1430751848.61
(179, 168, 98)1430751848.65
(178, 164, 100)1430751848.7
(180, 169, 100)1430751848.73
(180, 167, 98)1430751848.77
(178, 164, 99)1430751848.81
(177, 163, 99)1430751848.85
(181, 167, 99)1430751848.9
(180, 169, 99)1430751848.93
(181, 168, 100)1430751848.97
(180, 166, 101)1430751849.01
(180, 166, 98)1430751849.05
(179, 166, 100)1430751849.1
(179, 167, 99)1430751849.13
(178, 165, 98)1430751849.17
(178, 165, 99)1430751849.21
(180, 168, 99)1430751849.25
(179, 165, 97)1430751849.3
(179, 165, 97)1430751849.33
(180, 167, 99)1430751849.37
(180, 167, 99)1430751849.41
(178, 166, 98)1430751849.45
(178, 165, 99)1430751849.49
(180, 168, 99)1430751849.53
(179, 168, 100)1430751849.57
(181, 169, 100)1430751849.62
(180, 168, 99)1430751849.69
(179, 167, 99)1430751849.75
(178, 167, 99)1430751849.8
(179, 165, 101)1430751849.85
(182, 172, 101)1430751849.9
(182, 169, 100)1430751849.95
(179, 164, 100)1430751850.01
(182, 171, 100)1430751850.05
(179, 167, 98)1430751850.1
(178, 164, 98)1430751850.13
(180, 165, 101)1430751850.17
(180, 167, 100)1430751850.21
(182, 168, 102)1430751850.25
(180, 165, 101)1430751850.3
(168, 155, 97)1430751850.33
(142, 128, 79)1430751850.38
(126, 95, 71)1430751850.43      --
(152, 139, 83)1430751850.49
(168, 160, 91)1430751850.53
(176, 166, 98)1430751850.57
(178, 165, 99)1430751850.61
(180, 165, 101)1430751850.65
(183, 169, 99)1430751850.7
(180, 163, 100)1430751850.73
(181, 166, 100)1430751850.77
(182, 167, 101)1430751850.81
(181, 169, 101)1430751850.85
(182, 166, 102)1430751850.9
(183, 170, 101)1430751850.93
(182, 168, 101)1430751850.97
(183, 170, 101)1430751851.01
(182, 167, 101)1430751851.05
(184, 168, 99)1430751851.1
(182, 170, 100)1430751851.13
(180, 168, 101)1430751851.17
(180, 165, 101)1430751851.21
(182, 166, 101)1430751851.25
(182, 169, 100)1430751851.3
(182, 166, 100)1430751851.33
(184, 168, 100)1430751851.37
(183, 167, 100)1430751851.41
(183, 167, 101)1430751851.45
(184, 168, 99)1430751851.5
(184, 169, 101)1430751851.53
(184, 169, 101)1430751851.57
(183, 169, 100)1430751851.61
(182, 166, 99)1430751851.65
(182, 168, 100)1430751851.69
(181, 168, 99)1430751851.73
(183, 167, 101)1430751851.77
(183, 168, 99)1430751851.81
(180, 166, 100)1430751851.85
(183, 168, 101)1430751851.89
(183, 169, 101)1430751851.93
(182, 169, 100)1430751851.97
(182, 166, 101)1430751852.01
(183, 168, 99)1430751852.05
(181, 165, 100)1430751852.09
(183, 168, 98)1430751852.13
(183, 169, 99)1430751852.17
(182, 168, 99)1430751852.21
(183, 169, 99)1430751852.25
(183, 167, 98)1430751852.29
(182, 167, 99)1430751852.33
(184, 169, 100)1430751852.37
(182, 167, 100)1430751852.41
(184, 170, 101)1430751852.45
(183, 167, 99)1430751852.5
(184, 168, 100)1430751852.53
(182, 168, 100)1430751852.57
(183, 168, 100)1430751852.61
(183, 168, 100)1430751852.65
(184, 168, 100)1430751852.69
(184, 170, 100)1430751852.73
(183, 168, 100)1430751852.77
(183, 169, 100)1430751852.81
(182, 166, 99)1430751852.85
(181, 165, 100)1430751852.89
(182, 169, 98)1430751852.93
(182, 168, 102)1430751852.97
(181, 169, 99)1430751853.01
(182, 168, 101)1430751853.05
(183, 169, 101)1430751853.09
(182, 167, 99)1430751853.13
(181, 167, 96)1430751853.17
(181, 168, 100)1430751853.21
(182, 170, 98)1430751853.25
(182, 168, 98)1430751853.29
(181, 167, 100)1430751853.33
(183, 167, 100)1430751853.37
(183, 168, 100)1430751853.41
(183, 169, 100)1430751853.45
(184, 169, 99)1430751853.5
(183, 168, 101)1430751853.53
(182, 168, 99)1430751853.57
(182, 167, 100)1430751853.61
(183, 169, 101)1430751853.65
(182, 166, 101)1430751853.7
(182, 166, 98)1430751853.73
(182, 169, 101)1430751853.77
(183, 168, 100)1430751853.81
(181, 167, 97)1430751853.85
(182, 168, 99)1430751853.9
(182, 169, 100)1430751853.93
(182, 168, 99)1430751853.97
(182, 168, 100)1430751854.01
(181, 166, 98)1430751854.05
(181, 164, 98)1430751854.1
(182, 164, 100)1430751854.13
(183, 166, 98)1430751854.17
(181, 164, 99)1430751854.21
(181, 167, 98)1430751854.25
(181, 166, 100)1430751854.3
(183, 169, 98)1430751854.33
(181, 164, 98)1430751854.37
(181, 165, 100)1430751854.41
(179, 163, 98)1430751854.45
(180, 165, 98)1430751854.5
(181, 165, 100)1430751854.53
(182, 167, 100)1430751854.57
(181, 165, 99)1430751854.62
(181, 165, 98)1430751854.68
(181, 166, 99)1430751854.72
(181, 167, 98)1430751854.78
(181, 167, 99)1430751854.83
(180, 167, 99)1430751854.89
(181, 166, 99)1430751854.94
(183, 167, 99)1430751854.99
(182, 169, 99)1430751855.04
(180, 167, 100)1430751855.09
(181, 168, 99)1430751855.13
(180, 165, 98)1430751855.17
(181, 165, 98)1430751855.21
(182, 167, 98)1430751855.25
(181, 167, 99)1430751855.29
(181, 167, 99)1430751855.33
(181, 166, 100)1430751855.37
(180, 166, 99)1430751855.41
(183, 169, 100)1430751855.45
(182, 167, 99)1430751855.5
(181, 168, 100)1430751855.53
(180, 165, 98)1430751855.57
(175, 160, 98)1430751855.61
(151, 142, 84)1430751855.66
(124, 99, 70)1430751855.71
(134, 115, 78)1430751855.76     --
(161, 152, 87)1430751855.8
(170, 161, 93)1430751855.84
(176, 168, 96)1430751855.89
(178, 167, 98)1430751855.93
(180, 168, 98)1430751855.97
(180, 166, 99)1430751856.01
(180, 168, 99)1430751856.05
(181, 169, 100)1430751856.09
(181, 167, 100)1430751856.13
(180, 167, 99)1430751856.17
(180, 169, 99)1430751856.21
(182, 167, 99)1430751856.25
(179, 168, 100)1430751856.29
(180, 169, 100)1430751856.33
(180, 168, 100)1430751856.37
(180, 167, 99)1430751856.41
(180, 167, 100)1430751856.45
(180, 167, 101)1430751856.5
(181, 168, 101)1430751856.53
(181, 169, 101)1430751856.57
(181, 169, 100)1430751856.61
(180, 166, 100)1430751856.65
(180, 171, 101)1430751856.7
(181, 168, 101)1430751856.73
(182, 172, 102)1430751856.77
(182, 171, 100)1430751856.81
(181, 167, 99)1430751856.85
(181, 169, 100)1430751856.9
(181, 168, 101)1430751856.93
(180, 169, 99)1430751856.97
(179, 166, 99)1430751857.01
(180, 167, 100)1430751857.05
(181, 168, 100)1430751857.1
(181, 169, 100)1430751857.13
(181, 166, 101)1430751857.17
(180, 169, 102)1430751857.21
(181, 168, 101)1430751857.25
(182, 170, 101)1430751857.3
(179, 168, 100)1430751857.33
(179, 169, 100)1430751857.37
(181, 169, 101)1430751857.41
(180, 169, 102)1430751857.45
(182, 170, 102)1430751857.5
(180, 169, 101)1430751857.53
(180, 168, 101)1430751857.57
(180, 167, 100)1430751857.61
(181, 168, 100)1430751857.65
(180, 165, 98)1430751857.7
(179, 165, 98)1430751857.74
(181, 168, 100)1430751857.77
(180, 167, 99)1430751857.81
(182, 169, 100)1430751857.85
(181, 170, 101)1430751857.9
(180, 170, 100)1430751857.93
(180, 166, 101)1430751857.97
(180, 167, 101)1430751858.01
(180, 168, 101)1430751858.05
(181, 168, 101)1430751858.1
(180, 167, 100)1430751858.13
(181, 170, 101)1430751858.17
(181, 170, 101)1430751858.21
(182, 170, 100)1430751858.25
(181, 170, 101)1430751858.29
(181, 169, 101)1430751858.33
(181, 168, 98)1430751858.37
(181, 169, 101)1430751858.41
(180, 169, 100)1430751858.45
(181, 170, 101)1430751858.5
(182, 170, 101)1430751858.53
(180, 168, 101)1430751858.57
(180, 167, 99)1430751858.61
(181, 168, 101)1430751858.65
(181, 167, 100)1430751858.69
(182, 168, 100)1430751858.73
(182, 169, 100)1430751858.77
(180, 167, 100)1430751858.81
(182, 169, 100)1430751858.85
(180, 168, 100)1430751858.89
(180, 169, 100)1430751858.93
(181, 169, 100)1430751858.97
(181, 168, 100)1430751859.01
(182, 169, 100)1430751859.05
(181, 170, 102)1430751859.09
(179, 169, 101)1430751859.13
(180, 171, 101)1430751859.17
(182, 169, 101)1430751859.21
(181, 169, 100)1430751859.25
(179, 167, 99)1430751859.29
(180, 167, 98)1430751859.33
(180, 167, 100)1430751859.37
(182, 169, 101)1430751859.41
(181, 167, 101)1430751859.45
(179, 167, 100)1430751859.49
(179, 165, 102)1430751859.53
(181, 169, 101)1430751859.58
(181, 169, 99)1430751859.64
(181, 169, 101)1430751859.7
(180, 168, 99)1430751859.76
(181, 168, 100)1430751859.81
(180, 168, 102)1430751859.87
(183, 170, 100)1430751859.91
(182, 170, 100)1430751859.97
(180, 169, 101)1430751860.01
(180, 171, 101)1430751860.05
(180, 168, 100)1430751860.09
(180, 168, 100)1430751860.13
(181, 169, 100)1430751860.17
(181, 169, 100)1430751860.21
(182, 170, 98)1430751860.25
(181, 169, 100)1430751860.29
(181, 169, 101)1430751860.33
(181, 171, 100)1430751860.37
(179, 167, 100)1430751860.41
(181, 169, 99)1430751860.45
(179, 167, 100)1430751860.5
(180, 168, 99)1430751860.53
(181, 169, 102)1430751860.57
(182, 168, 101)1430751860.61
(180, 169, 101)1430751860.65
(181, 170, 103)1430751860.69
(180, 167, 100)1430751860.73
(180, 167, 101)1430751860.77
(182, 170, 101)1430751860.81
(180, 169, 100)1430751860.85
(177, 162, 99)1430751860.9
(166, 156, 97)1430751860.93
(140, 125, 79)1430751860.98
(128, 107, 77)1430751861.03     --
(151, 147, 87)1430751861.08
(168, 159, 91)1430751861.12
(174, 165, 95)1430751861.16
(176, 165, 99)1430751861.2
(177, 167, 99)1430751861.24
(179, 167, 100)1430751861.29
(180, 167, 101)1430751861.33
(179, 169, 100)1430751861.37
(179, 168, 100)1430751861.41
(180, 168, 102)1430751861.45
(181, 169, 101)1430751861.5
(180, 169, 99)1430751861.53
(180, 166, 99)1430751861.57
(178, 166, 100)1430751861.61
(180, 170, 99)1430751861.65
(180, 167, 99)1430751861.69
(178, 165, 101)1430751861.73
(178, 166, 100)1430751861.77
(180, 167, 99)1430751861.81
(180, 167, 101)1430751861.85
(181, 168, 99)1430751861.9
(178, 167, 100)1430751861.93
(179, 168, 101)1430751861.97
(179, 166, 99)1430751862.01
(181, 170, 101)1430751862.05
(180, 168, 102)1430751862.1
(179, 166, 101)1430751862.13
(180, 169, 101)1430751862.17
(181, 168, 101)1430751862.21
(181, 168, 99)1430751862.25
(179, 167, 100)1430751862.3
(178, 165, 99)1430751862.33
(178, 165, 101)1430751862.37
(180, 167, 102)1430751862.41
(181, 168, 102)1430751862.45
(181, 167, 101)1430751862.5
(179, 166, 100)1430751862.53
(179, 167, 98)1430751862.57
(180, 168, 100)1430751862.61
(179, 168, 101)1430751862.65
(180, 169, 101)1430751862.7
(179, 167, 99)1430751862.73
(179, 166, 101)1430751862.77
(178, 165, 100)1430751862.81
(177, 163, 99)1430751862.85
(179, 166, 99)1430751862.9
(179, 167, 100)1430751862.93
(179, 167, 98)1430751862.97
(180, 166, 99)1430751863.01
(180, 168, 99)1430751863.05
(179, 167, 99)1430751863.1
(180, 166, 98)1430751863.13
(180, 167, 99)1430751863.17
(180, 165, 98)1430751863.21
(181, 166, 99)1430751863.25
(178, 164, 97)1430751863.29
(180, 165, 99)1430751863.33
(180, 167, 99)1430751863.37
(180, 168, 100)1430751863.41
(180, 167, 100)1430751863.45
(180, 167, 100)1430751863.5
(180, 168, 100)1430751863.53
(181, 168, 101)1430751863.57
(180, 167, 100)1430751863.61
(181, 168, 100)1430751863.65
(180, 167, 100)1430751863.69
(179, 167, 100)1430751863.73
(180, 167, 99)1430751863.77
(177, 164, 98)1430751863.81
(180, 167, 98)1430751863.85
(179, 168, 100)1430751863.89
(179, 168, 101)1430751863.93
(177, 169, 100)1430751863.97
(180, 168, 101)1430751864.01
(179, 168, 100)1430751864.05
(181, 169, 100)1430751864.09
(181, 169, 100)1430751864.13
(179, 166, 101)1430751864.17
(181, 168, 101)1430751864.21
(180, 169, 101)1430751864.25
(181, 170, 101)1430751864.29
(178, 168, 102)1430751864.33
(181, 171, 101)1430751864.37
(180, 169, 100)1430751864.41
(179, 168, 101)1430751864.45
(179, 168, 102)1430751864.5
(180, 168, 100)1430751864.53
(177, 163, 99)1430751864.58
(179, 167, 99)1430751864.64
(181, 169, 100)1430751864.7
(180, 169, 100)1430751864.76
(181, 168, 101)1430751864.82
(180, 168, 100)1430751864.88
(177, 167, 99)1430751864.93
(178, 168, 99)1430751864.98
(179, 167, 99)1430751865.02
(179, 168, 101)1430751865.06
(180, 169, 101)1430751865.1
(180, 168, 102)1430751865.14
(180, 169, 101)1430751865.18
(178, 168, 100)1430751865.22
(178, 166, 101)1430751865.26
(179, 167, 100)1430751865.3
(177, 167, 100)1430751865.34
(179, 169, 99)1430751865.38
(180, 168, 101)1430751865.42
(179, 166, 100)1430751865.46
(178, 165, 98)1430751865.5
(179, 165, 98)1430751865.54
(180, 168, 101)1430751865.58
(178, 165, 99)1430751865.62
(181, 169, 100)1430751865.66
(181, 168, 100)1430751865.7
(181, 171, 101)1430751865.74
(179, 169, 100)1430751865.78
(179, 169, 100)1430751865.82
(180, 169, 99)1430751865.86
(180, 167, 100)1430751865.9
(181, 170, 100)1430751865.94
(180, 171, 99)1430751865.98
(180, 167, 100)1430751866.02
(182, 172, 100)1430751866.06
(181, 169, 101)1430751866.1
(179, 169, 101)1430751866.14
(177, 166, 99)1430751866.18
(168, 156, 97)1430751866.22
(148, 131, 82)1430751866.27     --
(133, 111, 79)1430751866.32
(157, 148, 90)1430751866.36
(166, 159, 93)1430751866.4
(174, 163, 97)1430751866.44
(177, 167, 99)1430751866.5
(179, 167, 99)1430751866.53
(181, 167, 100)1430751866.57
(181, 167, 100)1430751866.61
(181, 168, 100)1430751866.65
(180, 167, 100)1430751866.7
(180, 167, 99)1430751866.73
(180, 167, 100)1430751866.77
(180, 166, 100)1430751866.81
(179, 168, 100)1430751866.85
(180, 167, 100)1430751866.9
(179, 169, 100)1430751866.93
(178, 167, 99)1430751866.97
(180, 168, 100)1430751867.01
(181, 169, 100)1430751867.05
(179, 167, 100)1430751867.1
(180, 167, 100)1430751867.13
(180, 166, 101)1430751867.17
(180, 168, 101)1430751867.21
(181, 168, 101)1430751867.25
(181, 169, 101)1430751867.3
(180, 169, 101)1430751867.33
(181, 169, 100)1430751867.37
(180, 168, 101)1430751867.41
(181, 169, 100)1430751867.45
(180, 168, 100)1430751867.5
(181, 168, 101)1430751867.54
(181, 169, 101)1430751867.58
(181, 170, 100)1430751867.62
(181, 168, 99)1430751867.66
(180, 167, 100)1430751867.7
(181, 168, 99)1430751867.74
(180, 168, 98)1430751867.78
(182, 168, 100)1430751867.82
(180, 168, 101)1430751867.86
(180, 165, 101)1430751867.9
(182, 169, 100)1430751867.94
(179, 165, 100)1430751867.98
(181, 169, 101)1430751868.02
(180, 168, 101)1430751868.06
(179, 168, 101)1430751868.1
(179, 167, 100)1430751868.14
(181, 170, 100)1430751868.18
(178, 168, 101)1430751868.22
(179, 167, 100)1430751868.26
(181, 168, 101)1430751868.3
(178, 168, 100)1430751868.34
(182, 169, 101)1430751868.38
(180, 168, 102)1430751868.42
(181, 170, 101)1430751868.46
(180, 166, 98)1430751868.5
(179, 166, 99)1430751868.54
(181, 168, 100)1430751868.58
(180, 167, 100)1430751868.62
(181, 169, 99)1430751868.66
(178, 164, 100)1430751868.7
(180, 169, 99)1430751868.74
(180, 165, 100)1430751868.78
(180, 168, 99)1430751868.82
(180, 169, 101)1430751868.86
(181, 168, 100)1430751868.9
(180, 168, 101)1430751868.94
(180, 167, 99)1430751868.98
(178, 166, 99)1430751869.02
(179, 166, 101)1430751869.06
(181, 168, 102)1430751869.1
(181, 169, 102)1430751869.14
(180, 169, 100)1430751869.18
(180, 168, 100)1430751869.22
(181, 166, 101)1430751869.26
(181, 166, 101)1430751869.3
(180, 166, 101)1430751869.34
(180, 165, 100)1430751869.38
(181, 168, 101)1430751869.42
(180, 169, 101)1430751869.46
(181, 170, 102)1430751869.5
(182, 168, 100)1430751869.54
(182, 169, 101)1430751869.59
(182, 169, 100)1430751869.64
(180, 167, 100)1430751869.71
(181, 170, 101)1430751869.76
(181, 169, 100)1430751869.82
(180, 168, 102)1430751869.88
(182, 170, 101)1430751869.94
(182, 170, 101)1430751870.0
(183, 171, 100)1430751870.04
(180, 166, 100)1430751870.09
(181, 168, 100)1430751870.13
(180, 166, 101)1430751870.17
(180, 169, 100)1430751870.21
(182, 170, 101)1430751870.25
(181, 170, 101)1430751870.29
(182, 172, 101)1430751870.33
(181, 169, 102)1430751870.37
(180, 170, 101)1430751870.41
(180, 168, 101)1430751870.45
(181, 167, 101)1430751870.5
(182, 170, 102)1430751870.53
(181, 167, 100)1430751870.57
(181, 168, 101)1430751870.61
(182, 170, 99)1430751870.65
(180, 168, 98)1430751870.69
(180, 168, 101)1430751870.73
(180, 168, 100)1430751870.77
(182, 170, 101)1430751870.81
(180, 167, 102)1430751870.85
(181, 169, 101)1430751870.89
(181, 168, 102)1430751870.93
(182, 168, 101)1430751870.97
(181, 167, 101)1430751871.01
(181, 170, 102)1430751871.05
(182, 170, 102)1430751871.09
(178, 166, 99)1430751871.13
(180, 168, 100)1430751871.17
(181, 168, 100)1430751871.21
(182, 171, 101)1430751871.25
(182, 172, 101)1430751871.29
(180, 168, 100)1430751871.33
(181, 168, 101)1430751871.37
(181, 171, 100)1430751871.41
(180, 165, 101)1430751871.45
(176, 159, 100)1430751871.5
(152, 144, 86)1430751871.54
(127, 107, 75)1430751871.59     --
(138, 122, 80)1430751871.64
(159, 153, 87)1430751871.69
(170, 160, 94)1430751871.73
(174, 164, 96)1430751871.77
(176, 162, 97)1430751871.81
(177, 164, 97)1430751871.85
(176, 168, 100)1430751871.89
(178, 166, 100)1430751871.93
(178, 166, 99)1430751871.97
(179, 166, 100)1430751872.01
(178, 164, 99)1430751872.05
(178, 168, 100)1430751872.09
(178, 166, 100)1430751872.13
(178, 167, 100)1430751872.17
(178, 168, 100)1430751872.21
(177, 165, 101)1430751872.25
(180, 166, 100)1430751872.29
(179, 164, 101)1430751872.33
(179, 168, 100)1430751872.37
(179, 167, 101)1430751872.41
(179, 168, 101)1430751872.45
(180, 166, 100)1430751872.5
(178, 166, 99)1430751872.53
(176, 163, 100)1430751872.57
(178, 166, 101)1430751872.61
(181, 170, 100)1430751872.65
(177, 165, 101)1430751872.7
(180, 170, 100)1430751872.73
(180, 168, 101)1430751872.77
(181, 172, 100)1430751872.81
(179, 166, 100)1430751872.85
(180, 169, 99)1430751872.9
(180, 167, 101)1430751872.93
(180, 168, 99)1430751872.97
(182, 170, 100)1430751873.01
(180, 170, 100)1430751873.05
(182, 170, 99)1430751873.09
(181, 170, 100)1430751873.13
(180, 168, 100)1430751873.17
(181, 168, 101)1430751873.21
(180, 166, 99)1430751873.25
(180, 169, 101)1430751873.29
(180, 168, 100)1430751873.33
(180, 170, 100)1430751873.37
(179, 169, 100)1430751873.41
(180, 169, 101)1430751873.45
(180, 169, 100)1430751873.5
(179, 168, 101)1430751873.53
(180, 170, 101)1430751873.57
(177, 167, 101)1430751873.61
(178, 169, 99)1430751873.65
(179, 167, 100)1430751873.69
(178, 166, 100)1430751873.73
(180, 170, 100)1430751873.77
(179, 166, 101)1430751873.81
(179, 168, 101)1430751873.85
(179, 165, 101)1430751873.9
(178, 167, 100)1430751873.93
(178, 169, 102)1430751873.97
(182, 173, 102)1430751874.01
(177, 166, 100)1430751874.05
(180, 169, 101)1430751874.09
(180, 170, 101)1430751874.13
(180, 168, 102)1430751874.17
(180, 169, 100)1430751874.21
(180, 168, 99)1430751874.25
(178, 165, 99)1430751874.29
(179, 168, 99)1430751874.33
(179, 168, 100)1430751874.37
(179, 168, 99)1430751874.41
(180, 167, 99)1430751874.45
(180, 169, 100)1430751874.5
(180, 169, 100)1430751874.53
(180, 167, 100)1430751874.58
(180, 168, 101)1430751874.63
(181, 167, 101)1430751874.69
(178, 167, 98)1430751874.75
(179, 166, 98)1430751874.8
(179, 167, 101)1430751874.86
(180, 167, 101)1430751874.92
(179, 167, 101)1430751874.97
(180, 169, 101)1430751875.02
(179, 168, 100)1430751875.06
(180, 169, 102)1430751875.1
(179, 169, 101)1430751875.14
(180, 169, 101)1430751875.18
(180, 169, 102)1430751875.22
(179, 167, 101)1430751875.26
(180, 170, 100)1430751875.3
(179, 167, 101)1430751875.34
(179, 168, 100)1430751875.38
(179, 167, 99)1430751875.42
(181, 171, 100)1430751875.46
(180, 169, 100)1430751875.5
(179, 169, 101)1430751875.54
(180, 170, 102)1430751875.58
(179, 169, 101)1430751875.62
(179, 168, 102)1430751875.66
(179, 169, 102)1430751875.7
(181, 172, 101)1430751875.74
(180, 168, 101)1430751875.78
(180, 168, 102)1430751875.82
(182, 171, 102)1430751875.86
(180, 168, 101)1430751875.9
(179, 167, 100)1430751875.94
(181, 168, 101)1430751875.98
(180, 169, 101)1430751876.02
(180, 167, 99)1430751876.06
(180, 164, 100)1430751876.1
(180, 168, 100)1430751876.14
(180, 168, 101)1430751876.18
(180, 169, 100)1430751876.22
(181, 168, 101)1430751876.26
(180, 168, 100)1430751876.3
(181, 171, 100)1430751876.34
(179, 169, 99)1430751876.38
(180, 167, 101)1430751876.42
(178, 166, 101)1430751876.46
(181, 169, 100)1430751876.5
(180, 170, 100)1430751876.54
(181, 170, 102)1430751876.58
(182, 169, 102)1430751876.62
(181, 170, 100)1430751876.66
(180, 169, 100)1430751876.7
(179, 167, 100)1430751876.74
(172, 161, 98)1430751876.78
(164, 154, 97)1430751876.82
(141, 123, 79)1430751876.87     --
(131, 112, 80)1430751876.92
(148, 142, 85)1430751876.96
(162, 155, 90)1430751876.99
(172, 163, 96)1430751877.03
(174, 163, 99)1430751877.08
(178, 170, 101)1430751877.11
(179, 170, 101)1430751877.15
(179, 168, 101)1430751877.19
(178, 168, 101)1430751877.23
(177, 166, 100)1430751877.28
(180, 169, 101)1430751877.31
(179, 163, 102)1430751877.35
(179, 167, 101)1430751877.39
(180, 168, 101)1430751877.43
(180, 166, 100)1430751877.48
(180, 168, 99)1430751877.52
(180, 168, 98)1430751877.56
(180, 169, 99)1430751877.6
(180, 169, 100)1430751877.64
(179, 166, 99)1430751877.69
(179, 167, 99)1430751877.73
(180, 166, 100)1430751877.77
(179, 167, 101)1430751877.81
(180, 168, 100)1430751877.85
(180, 167, 100)1430751877.89
(182, 170, 99)1430751877.93
(181, 169, 100)1430751877.97
(180, 169, 100)1430751878.01
(180, 167, 100)1430751878.05
(181, 169, 100)1430751878.09
(181, 170, 101)1430751878.13
(181, 168, 100)1430751878.17
(180, 168, 101)1430751878.21
(181, 168, 101)1430751878.25
(180, 170, 100)1430751878.29
(179, 168, 100)1430751878.33
(179, 166, 101)1430751878.37
(181, 170, 101)1430751878.41
(181, 171, 101)1430751878.45
(179, 169, 103)1430751878.5
(179, 169, 103)1430751878.53
(179, 168, 102)1430751878.57
(180, 169, 101)1430751878.61
(180, 167, 101)1430751878.65
(179, 169, 102)1430751878.69
(179, 169, 102)1430751878.73
(179, 167, 101)1430751878.77
(180, 168, 100)1430751878.81
(179, 167, 102)1430751878.85
(178, 167, 102)1430751878.89
(178, 167, 99)1430751878.93
(180, 167, 101)1430751878.97
(181, 170, 102)1430751879.01
(180, 168, 102)1430751879.05
(181, 171, 100)1430751879.09
(179, 167, 100)1430751879.13
(178, 166, 101)1430751879.17
(180, 169, 101)1430751879.21
(180, 167, 98)1430751879.25
(180, 169, 98)1430751879.3
(179, 168, 98)1430751879.33
(179, 168, 98)1430751879.37
(181, 170, 100)1430751879.41
(179, 168, 100)1430751879.45
(179, 168, 100)1430751879.49
(180, 167, 101)1430751879.53
(181, 168, 101)1430751879.58
(180, 169, 102)1430751879.64
(180, 167, 102)1430751879.69
(180, 170, 102)1430751879.75
(181, 171, 100)1430751879.8
(179, 166, 102)1430751879.85
(180, 170, 100)1430751879.91
(179, 167, 100)1430751879.96
(181, 170, 101)1430751880.01
(180, 168, 101)1430751880.05
(179, 168, 101)1430751880.09
(182, 170, 101)1430751880.13
(180, 168, 100)1430751880.17
(180, 169, 100)1430751880.21
(180, 169, 100)1430751880.25
(179, 166, 99)1430751880.29
(180, 166, 98)1430751880.33
(179, 167, 98)1430751880.37
(180, 169, 100)1430751880.41
(179, 167, 101)1430751880.45
(179, 167, 100)1430751880.49
(180, 167, 100)1430751880.53
(181, 168, 100)1430751880.57
(180, 168, 98)1430751880.61
(180, 169, 99)1430751880.65
(180, 168, 101)1430751880.69
(179, 168, 100)1430751880.73
(179, 168, 100)1430751880.77
(179, 167, 101)1430751880.81
(179, 169, 100)1430751880.85
(180, 167, 100)1430751880.89
(180, 169, 102)1430751880.93
(180, 169, 100)1430751880.97
(179, 168, 101)1430751881.01
(180, 169, 101)1430751881.05
(180, 168, 101)1430751881.09
(179, 166, 100)1430751881.13
(181, 169, 102)1430751881.17
(179, 169, 100)1430751881.21
(180, 169, 100)1430751881.25
(179, 169, 102)1430751881.3
(180, 169, 100)1430751881.33
(180, 170, 101)1430751881.37
(180, 169, 100)1430751881.41
(178, 168, 99)1430751881.45
(178, 165, 99)1430751881.49
(177, 166, 99)1430751881.53
(178, 167, 99)1430751881.57
(179, 167, 100)1430751881.61
(178, 169, 99)1430751881.65
(179, 170, 103)1430751881.69
(179, 168, 101)1430751881.73
(178, 167, 100)1430751881.77
(176, 164, 99)1430751881.81
(176, 165, 100)1430751881.85
(179, 166, 100)1430751881.9
(179, 168, 101)1430751881.93
(179, 169, 101)1430751881.97
(179, 170, 101)1430751882.01
(177, 164, 99)1430751882.05
(173, 159, 97)1430751882.1
(139, 127, 78)1430751882.14
(127, 105, 74)1430751882.19     --
(144, 137, 83)1430751882.24
(163, 155, 88)1430751882.29
(171, 162, 94)1430751882.33
(176, 164, 97)1430751882.37
(174, 162, 100)1430751882.41
(177, 163, 99)1430751882.45
(177, 164, 99)1430751882.5
(180, 166, 101)1430751882.53
(179, 166, 100)1430751882.57
(179, 165, 99)1430751882.61
(179, 166, 101)1430751882.65
(181, 168, 101)1430751882.7
(180, 167, 100)1430751882.73
(180, 166, 101)1430751882.77
(180, 168, 101)1430751882.81
(180, 166, 100)1430751882.85
(179, 166, 99)1430751882.9
(179, 164, 97)1430751882.93
(181, 166, 97)1430751882.97
(180, 166, 100)1430751883.01
(180, 167, 101)1430751883.05
(181, 167, 100)1430751883.1
(182, 169, 102)1430751883.13
(181, 169, 100)1430751883.17
(180, 166, 101)1430751883.21
(181, 167, 101)1430751883.25
(180, 167, 100)1430751883.3
(179, 166, 100)1430751883.33
(179, 164, 100)1430751883.37
(180, 166, 99)1430751883.41
(181, 169, 100)1430751883.45
(180, 168, 100)1430751883.5
(182, 168, 100)1430751883.53
(181, 170, 100)1430751883.57
(181, 167, 101)1430751883.61
(181, 169, 100)1430751883.65
(181, 167, 100)1430751883.69
(181, 167, 100)1430751883.73
(181, 167, 100)1430751883.77
(180, 167, 98)1430751883.81
(180, 168, 100)1430751883.85
(181, 169, 101)1430751883.89
(181, 169, 102)1430751883.93
(180, 169, 100)1430751883.97
(180, 169, 100)1430751884.01
(179, 166, 100)1430751884.05
(179, 167, 101)1430751884.09
(180, 169, 100)1430751884.13
(179, 166, 101)1430751884.17
(181, 170, 100)1430751884.21
(180, 168, 101)1430751884.25
(180, 167, 102)1430751884.29
(180, 169, 102)1430751884.33
(180, 168, 100)1430751884.37
(179, 166, 100)1430751884.41
(181, 167, 101)1430751884.45
(179, 166, 101)1430751884.5
(181, 170, 102)1430751884.53
(182, 169, 100)1430751884.59
(179, 166, 100)1430751884.65
(179, 167, 100)1430751884.7
(180, 167, 101)1430751884.76
(181, 168, 98)1430751884.82
(178, 165, 99)1430751884.88
(179, 167, 99)1430751884.93
(179, 166, 99)1430751884.99
(180, 167, 100)1430751885.03
(181, 169, 101)1430751885.08
(180, 168, 100)1430751885.11
(179, 168, 98)1430751885.15
(180, 163, 98)1430751885.19
(180, 165, 100)1430751885.23
(181, 169, 101)1430751885.28
(178, 162, 98)1430751885.31
(180, 167, 100)1430751885.35
(180, 166, 100)1430751885.39
(182, 168, 102)1430751885.43
(180, 167, 100)1430751885.48
(180, 166, 99)1430751885.52
(182, 169, 100)1430751885.56
(181, 168, 99)1430751885.6
(181, 168, 101)1430751885.64
(181, 168, 101)1430751885.69
(180, 168, 100)1430751885.73
(180, 169, 101)1430751885.77
(181, 169, 102)1430751885.81
(181, 168, 101)1430751885.85
(180, 169, 101)1430751885.89
(180, 169, 101)1430751885.93
(181, 170, 101)1430751885.97
(180, 168, 101)1430751886.01
(180, 167, 101)1430751886.05
(181, 168, 98)1430751886.09
(182, 168, 100)1430751886.13
(180, 168, 100)1430751886.17
(181, 170, 100)1430751886.21
(181, 168, 101)1430751886.25
(181, 167, 99)1430751886.29
(180, 167, 100)1430751886.33
(179, 166, 100)1430751886.37
(180, 166, 101)1430751886.41
(180, 167, 100)1430751886.45
(180, 166, 101)1430751886.5
(180, 166, 101)1430751886.53
(180, 166, 100)1430751886.57
(180, 167, 101)1430751886.61
(180, 167, 100)1430751886.65
(180, 166, 101)1430751886.69
(180, 167, 100)1430751886.73
(180, 166, 101)1430751886.77
(180, 166, 101)1430751886.81
(180, 166, 101)1430751886.85
(179, 165, 100)1430751886.89
(180, 166, 101)1430751886.93
(179, 166, 100)1430751886.97
(179, 166, 100)1430751887.01
(180, 166, 101)1430751887.05
(180, 166, 101)1430751887.09
(179, 166, 100)1430751887.13
(180, 167, 100)1430751887.17
(180, 166, 101)1430751887.21
(179, 166, 101)1430751887.25
(179, 166, 100)1430751887.29
(180, 167, 100)1430751887.33
(179, 166, 101)1430751887.37
(180, 167, 101)1430751887.41
(179, 166, 101)1430751887.45
(180, 166, 101)1430751887.49
(180, 167, 101)1430751887.53
(179, 167, 101)1430751887.57
(179, 166, 101)1430751887.61
(179, 167, 101)1430751887.65
(179, 166, 100)1430751887.69
(180, 166, 101)1430751887.73
(179, 166, 101)1430751887.77
(180, 166, 101)1430751887.81
(179, 166, 100)1430751887.85
(180, 167, 100)1430751887.89
(179, 166, 101)1430751887.93
(180, 167, 101)1430751887.97
(179, 166, 101)1430751888.01
(180, 166, 101)1430751888.05
(180, 166, 101)1430751888.09
(180, 167, 101)1430751888.13
(180, 166, 101)1430751888.17
(180, 166, 101)1430751888.21
(180, 166, 101)1430751888.25
(180, 167, 100)1430751888.29
(180, 167, 100)1430751888.33
(180, 166, 101)1430751888.37
(180, 167, 101)1430751888.41
(180, 167, 101)1430751888.45
(180, 165, 100)1430751888.49
(179, 166, 100)1430751888.53
(180, 166, 100)1430751888.57
(180, 167, 101)1430751888.61
(180, 167, 100)1430751888.65
(180, 166, 101)1430751888.69
(180, 167, 100)1430751888.73
(180, 167, 100)1430751888.77
(180, 166, 101)1430751888.81
(179, 167, 101)1430751888.85
(180, 166, 101)1430751888.89
(180, 166, 101)1430751888.93
(180, 167, 100)1430751888.97
(180, 166, 101)1430751889.01
(180, 167, 100)1430751889.05
(180, 166, 100)1430751889.09
(179, 166, 101)1430751889.13
(180, 167, 100)1430751889.17
(179, 166, 101)1430751889.21
(179, 166, 100)1430751889.25
(180, 166, 101)1430751889.29
(180, 166, 101)1430751889.33
(180, 167, 100)1430751889.37
(180, 167, 100)1430751889.41
(180, 167, 100)1430751889.45
(180, 167, 100)1430751889.49
(180, 167, 101)1430751889.53
(180, 167, 100)1430751889.58
(180, 167, 101)1430751889.63
(180, 167, 101)1430751889.68
(181, 168, 101)1430751889.72
(182, 169, 101)1430751889.77
(181, 170, 101)1430751889.82
